0.00 0.0000
0.01 0.0042
0.02 0.0064
0.03 0.0084
0.04 0.0106
0.05 0.0131
0.06 0.0160
0.07 0.0195
0.08 0.0240
0.09 0.0300
0.10 0.0389
0.11 0.0558
0.12 0.8955
0.13 0.8876
0.14 0.8800
0.15 0.8725
0.16 0.8652
0.17 0.8581
0.18 0.8513
0.19 0.8445
0.20 0.8380
0.21 0.8315
0.22 0.8252
0.23 0.8190
0.24 0.8128
0.25 0.8067
0.26 0.8007
0.27 0.7947
0.28 0.7886
0.29 0.7827
0.30 0.7767
0.31 0.7707
0.32 0.7647
0.33 0.7586
0.34 0.7526
0.35 0.7465
0.36 0.7404
0.37 0.7343
0.38 0.7282
0.39 0.7220
0.40 0.7158
0.41 0.7095
0.42 0.7032
0.43 0.6969
0.44 0.6905
0.45 0.6840
0.46 0.6776
0.47 0.6710
0.48 0.6644
0.49 0.6578
0.50 0.6511
0.51 0.6444
0.52 0.6375
0.53 0.6307
0.54 0.6237
0.55 0.6167
0.56 0.6098
0.57 0.6021
0.58 0.5948
0.59 0.5867
0.60 0.0000
0.61 0.0000
0.62 0.0000
0.63 0.0000
0.64 0.0000
0.65 0.0000
0.66 0.0000
0.67 0.0000
0.68 0.0000
0.69 0.0000
0.70 0.0000
0.71 0.0000
0.72 0.0000
0.73 0.0000
0.74 0.0000
0.75 0.0000
0.76 0.0000
0.77 0.0000
0.78 0.0000
0.79 0.0000
0.80 0.0000
0.81 0.0000
0.82 0.0000
0.83 0.0000
0.84 0.0000
0.85 0.0000
0.86 0.0000
0.87 0.0000
0.88 0.0000
0.89 0.0000
0.90 0.0000
0.91 0.0000
0.92 0.0000
0.93 0.0000
0.94 0.0000
0.95 0.0000
0.96 0.0000
0.97 0.0000
0.98 0.0000
0.99 0.0000
1.00 0.0000
