0.00 0.0000
0.01 0.0013
0.02 0.0020
0.03 0.0026
0.04 0.0033
0.05 0.0041
0.06 0.0049
0.07 0.0059
0.08 0.0070
0.09 0.0084
0.10 0.0101
0.11 0.0122
0.12 0.0148
0.13 0.0181
0.14 0.0226
0.15 0.0290
0.16 0.0392
0.17 0.0642
0.18 0.8355
0.19 0.8278
0.20 0.8204
0.21 0.8132
0.22 0.8062
0.23 0.7994
0.24 0.7928
0.25 0.7864
0.26 0.7801
0.27 0.7739
0.28 0.7678
0.29 0.7617
0.30 0.7557
0.31 0.7498
0.32 0.7438
0.33 0.7379
0.34 0.7319
0.35 0.7260
0.36 0.7200
0.37 0.7141
0.38 0.7081
0.39 0.7020
0.40 0.6960
0.41 0.6899
0.42 0.6837
0.43 0.6776
0.44 0.6714
0.45 0.6651
0.46 0.6588
0.47 0.6524
0.48 0.6460
0.49 0.6396
0.50 0.6331
0.51 0.6265
0.52 0.6199
0.53 0.6132
0.54 0.6064
0.55 0.5996
0.56 0.5929
0.57 0.5854
0.58 0.5783
0.59 0.5704
0.60 0.0000
0.61 0.0000
0.62 0.0000
0.63 0.0000
0.64 0.0000
0.65 0.0000
0.66 0.0000
0.67 0.0000
0.68 0.0000
0.69 0.0000
0.70 0.0000
0.71 0.0000
0.72 0.0000
0.73 0.0000
0.74 0.0000
0.75 0.0000
0.76 0.0000
0.77 0.0000
0.78 0.0000
0.79 0.0000
0.80 0.0000
0.81 0.0000
0.82 0.0000
0.83 0.0000
0.84 0.0000
0.85 0.0000
0.86 0.0000
0.87 0.0000
0.88 0.0000
0.89 0.0000
0.90 0.0000
0.91 0.0000
0.92 0.0000
0.93 0.0000
0.94 0.0000
0.95 0.0000
0.96 0.0000
0.97 0.0000
0.98 0.0000
0.99 0.0000
1.00 0.0000
